7
43
38
37
5
62
42
47
92
66
22
41
53
41
85
79
96
29
22
9
84
37
82
14
21
9
95
48
97
3
55
91
100
65
76
18
50
14
33
4
56
26
60
1
55
42
99
50
82
37
65
31
97
32
52
83
2
54
88
1
80
43
25
10
55
30
65
4
84
30
75
63
22
71
41
93
19
34
90
33
77
89
29
69
77
66
71
70
5
57
78
9
89
58
25
27
97
98
26
25
76
76
58
20
30
32
40
96
69
81
65
96
19
34
6
59
35
90
35
6
56
45
94
89
94
35
69
19
98
48
1
35
75
20
49
3
72
6
44
62
63
87
12
51
70
71
34
53
24
84
51
53
90
10
39
94
84
30
76
89
12
84
95
61
37
52
100
38
22
15
20
53
59
31
41
73
39
53
87
26
69
96
34
96
17
75
65
43
12
80
22
45
7
77
90
13
98
82
59
14
12
62
72
52
52
2
66
9
65
78
26
6
5
76
22
78
71
44
27
25
94
44
74
73
34
17
43
99
47
58
32
19
69
78
34
43
97
95
79
45
39
35
34
69
46
93
30
1
20
3
44
38
72
63
36
30
71
100
22
75
86
37
5
77
94
94
44
50
34
27
73
81
82
44
32
84
12
68
31
37
67
12
45
51
93
43
42
47
50
91
71
22
7
71
37
3
63
93
73
39
21
89
99
37
98
16
60
71
84
93
20
9
31
49
63
33
51
4
56
74
81
11
99
77
14
38
19
70
7
68
77
56
59
83
36
82
41
57
98
36
49
99
31
12
74
94
79
82
20
36
89
83
75
32
8
11
26
69
4
91
25
2
5
13
94
24
35
24
84
64
41
82
10
84
51
26
73
10
97
97
27
71
84
85
42
31
57
100
93
78
97
23
83
76
23
10
77
54
14
64
31
13
19
38
85
66
45
53
8
9
50
67
5
82
36
97
27
14
42
11
42
36
75
47
44
53
85
12
8
76
19
86
3
34
93
74
9
12
3
2
85
49
57
92
7
45
79
87
41
83
62
61
85
49
37
26
15
30
92
33
69
99
99
65
67
6
59
56
9
16
36
92
48
34
87
54
42
41
3
72
34
9
4
26
30
53
23
45
88
24
75
57
89
84
45
66
42
29
72
71
83
99
81
61
98
64
27
38
18
9
53
9
5
21
69
63
67
100
4
25
75
7
6
13
86
70
3
86
77
27
94
16
91
92
36
4
7
11
81
66
57
16
52
52
46
12
3
1
85
49
28
17
58
3
48
49
42
99
66
80
7
39
89
31
14
8
97
1
36
49
7
81
13
1
25
8
24
90
17
54
28
65
16
75
3
59
74
8
56
48
35
59
32
87
77
53
76
32
100
70
45
14
86
43
27
40
36
91
16
85
26
100
77
77
37
100
37
28
23
16
96
76
99
95
23
87
24
60
97
20
2
59
69
66
88
22
80
75
31
70
15
95
98
88
71
60
73
13
97
59
41
58
90
91
19
61
97
53
80
10
79
1
98
9
53
68
86
84
86
59
4
12
62
90
9
47
30
94
6
5
76
14
18
32
43
82
14
68
21
6
71
48
76
86
81
3
100
13
87
73
24
25
47
77
12
94
92
43
1
20
41
28
71
18
39
5
6
44
77
15
68
95
68
94
69
39
20
48
14
58
32
20
100
64
77
59
32
78
72
6
75
61
94
53
66
12
58
48
73
83
41
84
67
44
24
26
38
76
46
69
12
27
18
55
27
61
49
75
4
35
75
15
14
11
94
67
19
33
73
15
41
7
42
11
28
84
54
2
12
71
31
59
19
68
85
63
37
29
43
95
66
97
35
5
60
62
44
16
39
99
70
23
100
74
49
86
29
25
11
89
83
73
4
56
43
49
37
16
70
49
60
98
99
29
7
53
48
54
12
61
14
68
14
42
46
19
92
35
84
10
96
65
4
91
73
72
57
78
75
24
36
44
29
27
47
58
79
81
69
33
18
14
92
5
30
35
89
83
29
1
73
27
23
49
54
88
43
3
12
88
14
42
83
92
7
49
68
63
20
69
60
69
10
9
47
36
100
93
60
100
62
20
52
66
7
66
100
22
5
11
76
79
77
100
21
20
86
94
18
26
57
69
28
75
75
44
98
11
69
67
54
21
85
24
15
95
73
36
45
36
42
98
50
12
42
85
33
71
53
4
74
62
52
35
9
79
21
34
96
75
6
25
53
34
83
50
88
42
47
65
20
49
4
16
32
8
55
57
43
92
70
7
45
96
88
38
74
38
20
19
