5.31863
1.69644
1.96238
2.01882
6.00755
0.965483
1.74508
1.549
0.187016
0.859431
3.03049
1.80342
1.27185
1.81391
0.337138
0.494256
0.09301
2.50086
3.03012
4.8476
0.363568
2.00361
0.413603
4.03941
3.19599
4.99371
0.109384
1.49877
0.0723317
7.78048
1.22443
0.206798
0.00671708
0.868681
0.564616
3.47761
1.41587
4.01257
2.25271
6.52509
1.18157
2.70803
1.05408
10.2579
1.2184
1.75492
0.0340244
1.40968
0.416938
2.01634
0.862343
2.37183
0.0645382
2.33725
1.3422
0.392659
8.9594
1.23942
0.272391
12.9588
0.459297
1.72136
2.79396
4.81468
1.20925
2.42246
0.877283
6.57455
0.361723
2.43927
0.589634
0.925808
3.03033
0.711905
1.82749
0.163048
3.3454
2.17855
0.22838
2.22946
0.546439
0.253218
2.52785
0.752514
0.543817
0.848945
0.702026
0.716048
6.42505
1.15119
0.521695
4.90615
0.244284
1.09373
2.83618
2.67586
0.0685163
0.051682
2.74541
2.81492
0.55555
0.575154
1.10674
3.25738
2.42299
2.33385
1.86856
0.0932092
0.745584
0.432052
0.889513
0.0851837
3.32836
2.20914
5.75338
1.07488
2.12895
0.233052
2.13373
5.67066
1.16954
1.63768
0.126753
0.243698
0.129358
2.12041
0.744482
3.35071
0.0506789
1.50683
11.5434
2.13695
0.577118
3.2212
1.43215
7.16766
0.670605
5.96526
1.66932
0.980153
0.947545
0.299419
4.26381
1.38482
0.719512
0.690962
2.19716
1.29063
2.92635
0.3717
1.37869
1.27624
0.231348
4.68444
1.88346
0.136036
0.371586
2.44896
0.554587
0.249867
4.35165
0.358069
0.108865
1.0068
2.00662
1.32247
0.000907774
1.97101
3.0772
3.83257
3.23553
1.2935
1.06656
2.38299
1.79985
0.63411
1.92958
1.28301
0.29719
2.72511
0.754561
0.0870285
2.15882
0.098143
3.61912
0.578478
0.890726
1.72168
4.37065
0.457831
3.04188
1.63198
5.38195
0.533809
0.222414
4.19529
0.0550357
0.415001
1.07737
4.04397
4.30525
0.956191
0.668034
1.34111
1.30823
8.53434
0.838895
4.85594
0.888247
0.508735
2.70229
5.69414
6.28467
0.556735
3.10757
0.513276
0.702916
1.6514
2.68346
2.8457
0.137489
1.67285
0.623299
0.631179
2.18909
3.66271
1.70574
0.0212385
1.52624
1.09228
2.32288
3.41089
0.758588
0.510873
2.16743
1.71133
0.0636007
0.122966
0.49281
1.60543
1.90543
2.13813
2.21575
0.768754
1.56013
0.16549
2.47289
9.70575
3.28319
7.79276
1.64323
1.93734
0.666686
0.929944
2.04338
2.4506
0.687157
0.0198262
3.08798
0.583694
0.309084
2.04049
6.17736
0.544711
0.143169
0.136341
1.64428
1.38776
2.20583
2.63912
0.650117
0.434686
0.404798
1.67187
2.31239
0.357049
4.32786
0.796234
2.39834
2.00268
0.804435
4.3312
1.59771
1.35502
0.155286
1.71261
1.75478
1.54061
1.39622
0.195521
0.711427
3.06619
5.44624
0.687431
2.04215
7.61259
0.93401
0.163108
0.649034
1.90146
3.19141
0.24181
0.0295669
2.03063
0.0537706
3.67974
1.04409
0.712852
0.370064
0.156346
3.30478
4.98454
2.34455
1.45281
0.939826
2.21978
1.37525
6.76239
1.18879
0.613882
0.426968
4.44594
0.0349606
0.544992
3.98442
1.97997
3.38615
0.731766
5.42109
0.778687
0.527036
1.174
1.07132
0.372724
2.0638
0.402472
1.78939
1.14818
0.048132
2.0959
1.45026
0.0359845
2.35239
4.28171
0.62603
0.132352
0.488039
0.401484
3.23024
2.0792
0.239952
0.374677
0.599135
2.30815
5.14502
4.42705
2.73256
0.746754
6.6823
0.201232
2.85209
8.68973
6.38245
4.11458
0.138023
2.86584
2.13021
2.90436
0.362959
0.913522
1.81363
0.40718
4.6876
0.34961
1.36858
2.71166
0.636773
4.7124
0.0686404
0.0677419
2.66377
0.704709
0.351973
0.335218
1.73716
2.35531
1.1347
0.0151793
0.15949
0.508628
0.0774946
2.94754
0.385035
0.556733
2.98198
4.68026
0.52642
1.25356
3.97809
0.897074
2.35085
4.15289
3.42688
1.95304
0.332513
0.836298
1.61258
1.28794
5.11412
4.94863
1.40395
0.827352
6.19558
0.408309
2.06409
0.0732886
2.6425
4.00984
1.73581
4.59719
1.7531
2.06884
0.588383
1.52883
1.68724
1.2722
0.335401
4.27127
5.23321
0.552969
3.32301
0.314834
7.54569
2.18031
0.15576
0.604317
4.87019
4.30483
7.58392
7.83772
0.326924
1.45676
1.15709
0.171215
5.52057
1.63098
0.490464
0.298136
1.80833
0.393585
0.974145
1.01895
0.348338
1.46126
2.03087
2.72444
3.90243
2.41956
0.184709
2.27536
0.748318
0.024185
0.030137
0.884746
0.820702
5.70743
1.06853
1.16961
4.92524
3.77426
2.06244
0.18221
1.47988
2.17361
0.282433
1.2435
1.77724
1.7983
7.49266
0.665407
2.2059
4.98925
6.64451
2.7548
2.4233
1.27594
3.01913
1.63096
0.276317
2.86663
0.588686
1.13179
0.246132
0.349619
1.62243
0.85264
1.77525
2.50481
0.669332
0.704035
0.396431
0.0293927
0.435458
1.0211
0.0545686
0.917687
2.69206
1.96212
3.45633
4.84132
1.30295
4.95635
6.31955
3.13939
0.770125
0.951026
0.827901
0.018646
6.61506
2.81492
0.595646
5.43657
5.72288
4.09151
0.320599
0.740026
7.80795
0.312504
0.547787
2.68907
0.137651
3.67203
0.199827
0.170399
2.06273
7.00182
5.40784
4.56967
0.439745
0.84697
1.13593
3.78675
1.32928
1.32029
1.59359
4.30483
7.40733
9.43996
0.348196
1.45289
2.56893
3.65148
1.09933
7.78087
1.48734
1.42743
1.75206
0.0279626
0.857863
0.453819
5.59541
1.92541
0.237609
2.38271
4.07024
5.09445
0.0752973
12.3282
2.06759
1.45098
5.45332
0.432423
4.1417
19.0258
2.83824
5.20977
2.93455
0.219218
3.5549
1.238
2.58252
0.868976
3.79211
0.596294
7.21154
1.06546
0.613192
5.17098
1.16122
1.48813
2.15755
1.06656
2.32605
0.300575
0.543993
1.27784
0.552636
2.30931
0.0140082
0.733245
1.60285
4.07227
0.306438
1.69036
2.68658
1.85305
2.08088
0.196642
3.74348
0.32934
2.76345
0.00407775
0.529172
0.530631
2.01264
0.0157259
2.0119
2.61368
2.983
3.67348
0.0915813
0.573504
0.0382108
0.115458
2.99376
0.289752
2.88778
1.04865
0.0749028
3.26851
9.03372
1.06263
0.749069
0.860591
0.264876
3.0691
0.47081
0.596089
2.38445
0.741384
3.91617
0.103799
0.0609084
0.273932
0.69816
1.03248
0.641847
4.22755
0.0709053
1.06978
1.81281
1.09998
0.231507
0.191917
3.33953
1.00629
0.0688174
1.27176
0.456054
4.66057
0.478919
11.6361
0.0536578
5.00882
1.27246
0.772009
0.314163
0.354811
0.304337
1.07617
6.58964
4.31141
0.984184
0.222818
5.01767
1.5202
2.4404
0.141492
5.81679
6.26276
0.567939
4.00476
3.50844
2.29336
1.72458
0.398586
3.9616
0.779488
3.12323
5.76796
0.686908
1.49254
0.572098
0.324919
0.442361
7.80126
0.0167143
4.13523
0.291887
0.6512
2.91383
2.80439
1.52161
0.545308
4.3568
0.139595
0.169095
1.71637
10.1475
3.26827
1.80408
2.58466
0.686959
3.5029
1.91015
6.00651
5.99127
1.68496
0.524468
3.89293
0.799667
0.108605
0.774798
0.142434
0.758309
1.92251
3.23436
1.50503
4.01235
1.10299
2.28559
3.21912
0.00922714
0.897733
0.524246
1.08715
2.285
0.498563
0.669107
5.65413
0.596842
0.996867
0.124391
1.29235
0.855066
4.38257
1.1156
1.47953
0.651927
0.387684
1.79427
0.372394
0.829262
1.65848
2.86339
2.75382
1.97883
0.56947
1.57819
0.742596
4.32827
2.62339
3.43073
1.22106
2.67421
0.994999
1.46636
0.591649
6.95397
2.13107
0.591791
3.92362
4.05119
4.51076
0.131859
0.824809
3.38963
2.2244
0.636765
3.90821
1.81385
5.46681
1.76924
4.41725
2.54599
0.369976
1.25225
9.08303
4.30414
0.702262
2.37432
1.08349
3.3509
0.776917
0.33013
0.935444
1.99892
2.47764
1.73047
0.112632
0.853998
0.0721683
2.1282
6.00282
1.05074
0.974951
1.65524
3.68515
1.91978
0.0236181
0.734657
2.96152
0.00420075
0.612965
1.46336
0.322893
2.54072
2.83674
4.47371
0.242638
0.381724
0.638093
6.94163
1.16762
1.71455
1.4509
2.01748
3.75602
0.72604
1.43542
1.03084
0.0436719
0.0374413
2.48519
5.40177
1.30263
1.48108
1.26004
4.41148
0.998986
4.03809
0.789366
4.04011
1.7565
1.5663
3.34123
0.174941
2.14978
0.361894
4.60844
0.0964582
0.862576
6.63906
0.195911
0.633729
0.669688
1.13958
0.51604
0.580291
2.89497
2.08914
1.68068
2.48305
2.68426
1.51733
1.11636
0.489408
0.425999
0.748087
2.23367
3.44894
3.97697
0.168626
6.08416
2.47152
2.1029
0.248693
0.385391
2.4997
9.93954
0.656144
2.634
2.95552
1.46765
1.25095
0.273561
1.72593
7.75406
4.39935
0.267469
3.97394
1.76328
0.38357
0.178747
5.32875
1.44249
0.780469
0.941756
3.29388
0.765761
1.03189
0.762884
4.72864
5.00456
1.54013
2.06241
0.00310563
0.162222
1.04764
0.0061238
0.964562
3.24697
1.3448
0.839442
5.37338
0.843624
0.0135859
3.04482
6.36237
4.57089
0.556488
0.484861
0.541267
0.00653118
3.17195
3.24918
0.314289
0.131412
3.47034
2.73823
1.14297
0.744121
2.55924
0.59682
0.590785
1.68325
0.0579378
4.51673
0.752357
0.815063
1.25154
3.18031
0.326959
2.92721
3.85637
0.118928
0.643614
2.08846
1.63756
2.08273
1.75149
0.0560534
1.40672
4.30648
1.73843
0.333825
2.27312
0.685222
1.27621
6.77226
0.606487
0.985815
1.31824
2.10931
4.88839
0.495741
3.13616
2.21061
0.0880966
0.579366
5.79467
2.8199
1.27366
2.20707
0.390851
1.40006
0.260912
1.7357
1.52418
0.868416
3.26213
1.43239
6.54821
3.69047
2.33283
5.25979
1.20093
1.12436
1.7223
0.177885
0.729194
5.40901
1.60767
0.095182
0.272339
1.94519
0.614438
1.97261
3.23453
