2.65931
0.848218
0.981188
1.00941
3.00378
0.482742
0.872539
0.774501
0.093508
0.429715
1.51525
0.901712
0.635924
0.906957
0.168569
0.247128
0.046505
1.25043
1.51506
2.4238
0.181784
1.0018
0.206802
2.0197
1.598
2.49686
0.0546922
0.749383
0.0361659
3.89024
0.612214
0.103399
0.00335854
0.434341
0.282308
1.73881
0.707936
2.00629
1.12636
3.26254
0.590786
1.35402
0.52704
5.12895
0.609199
0.87746
0.0170122
0.70484
0.208469
1.00817
0.431172
1.18592
0.0322691
1.16863
0.671101
0.196329
4.4797
0.619708
0.136195
6.47938
0.229648
0.86068
1.39698
2.40734
0.604627
1.21123
0.438641
3.28727
0.180862
1.21964
0.294817
0.462904
1.51517
0.355953
0.913747
0.0815241
1.6727
1.08927
0.11419
1.11473
0.273219
0.126609
1.26393
0.376257
0.271909
0.424473
0.351013
0.358024
3.21253
0.575593
0.260847
2.45307
0.122142
0.546865
1.41809
1.33793
0.0342581
0.025841
1.3727
1.40746
0.277775
0.287577
0.553368
1.62869
1.2115
1.16693
0.934278
0.0466046
0.372792
0.216026
0.444756
0.0425918
1.66418
1.10457
2.87669
0.537441
1.06447
0.116526
1.06686
2.83533
0.584769
0.818838
0.0633763
0.121849
0.0646792
1.06021
0.372241
1.67535
0.0253394
0.753414
5.77172
1.06847
0.288559
1.6106
0.716074
3.58383
0.335303
2.98263
0.834659
0.490077
0.473772
0.14971
2.1319
0.69241
0.359756
0.345481
1.09858
0.645314
1.46317
0.18585
0.689343
0.638119
0.115674
2.34222
0.94173
0.0680182
0.185793
1.22448
0.277294
0.124933
2.17583
0.179035
0.0544326
0.503399
1.00331
0.661235
0.000453887
0.985507
1.5386
1.91628
1.61777
0.64675
0.533278
1.1915
0.899925
0.317055
0.96479
0.641507
0.148595
1.36256
0.377281
0.0435142
1.07941
0.0490715
1.80956
0.289239
0.445363
0.86084
2.18533
0.228915
1.52094
0.815991
2.69097
0.266905
0.111207
2.09765
0.0275179
0.207501
0.538686
2.02199
2.15262
0.478096
0.334017
0.670554
0.654113
4.26717
0.419448
2.42797
0.444124
0.254368
1.35115
2.84707
3.14234
0.278367
1.55379
0.256638
0.351458
0.8257
1.34173
1.42285
0.0687443
0.836427
0.311649
0.315589
1.09455
1.83135
0.852868
0.0106193
0.763121
0.546138
1.16144
1.70545
0.379294
0.255436
1.08371
0.855667
0.0318003
0.0614829
0.246405
0.802716
0.952713
1.06907
1.10787
0.384377
0.780066
0.0827448
1.23644
4.85288
1.6416
3.89638
0.821616
0.968672
0.333343
0.464972
1.02169
1.2253
0.343579
0.00991311
1.54399
0.291847
0.154542
1.02024
3.08868
0.272356
0.0715844
0.0681705
0.822142
0.693881
1.10292
1.31956
0.325059
0.217343
0.202399
0.835935
1.1562
0.178525
2.16393
0.398117
1.19917
1.00134
0.402217
2.1656
0.798857
0.677512
0.0776432
0.856305
0.877392
0.770304
0.698109
0.0977603
0.355714
1.5331
2.72312
0.343715
1.02107
3.80629
0.467005
0.0815541
0.324517
0.950732
1.5957
0.120905
0.0147834
1.01532
0.0268853
1.83987
0.522044
0.356426
0.185032
0.0781728
1.65239
2.49227
1.17227
0.726404
0.469913
1.10989
0.687625
3.3812
0.594394
0.306941
0.213484
2.22297
0.0174803
0.272496
1.99221
0.989985
1.69308
0.365883
2.71054
0.389343
0.263518
0.586998
0.535662
0.186362
1.0319
0.201236
0.894695
0.574092
0.024066
1.04795
0.72513
0.0179922
1.1762
2.14086
0.313015
0.0661759
0.24402
0.200742
1.61512
1.0396
0.119976
0.187339
0.299568
1.15407
2.57251
2.21352
1.36628
0.373377
3.34115
0.100616
1.42604
4.34487
3.19123
2.05729
0.0690117
1.43292
1.0651
1.45218
0.181479
0.456761
0.906814
0.20359
2.3438
0.174805
0.68429
1.35583
0.318386
2.3562
0.0343202
0.0338709
1.33188
0.352355
0.175986
0.167609
0.868582
1.17765
0.567352
0.00758966
0.0797449
0.254314
0.0387473
1.47377
0.192517
0.278366
1.49099
2.34013
0.26321
0.62678
1.98904
0.448537
1.17542
2.07644
1.71344
0.976519
0.166256
0.418149
0.806289
0.643971
2.55706
2.47432
0.701973
0.413676
3.09779
0.204155
1.03204
0.0366443
1.32125
2.00492
0.867903
2.2986
0.876549
1.03442
0.294191
0.764417
0.843622
0.636099
0.1677
2.13564
2.61661
0.276485
1.66151
0.157417
3.77284
1.09015
0.0778802
0.302158
2.43509
2.15242
3.79196
3.91886
0.163462
0.728382
0.578545
0.0856073
2.76028
0.815492
0.245232
0.149068
0.904164
0.196793
0.487072
0.509474
0.174169
0.730628
1.01543
1.36222
1.95121
1.20978
0.0923543
1.13768
0.374159
0.0120925
0.0150685
0.442373
0.410351
2.85371
0.534267
0.584807
2.46262
1.88713
1.03122
0.091105
0.73994
1.08681
0.141217
0.621751
0.888622
0.89915
3.74633
0.332703
1.10295
2.49463
3.32225
1.3774
1.21165
0.637969
1.50957
0.81548
0.138158
1.43332
0.294343
0.565895
0.123066
0.174809
0.811215
0.42632
0.887627
1.25241
0.334666
0.352018
0.198215
0.0146964
0.217729
0.510551
0.0272843
0.458844
1.34603
0.981059
1.72817
2.42066
0.651476
2.47818
3.15978
1.5697
0.385062
0.475513
0.413951
0.00932299
3.30753
1.40746
0.297823
2.71829
2.86144
2.04575
0.1603
0.370013
3.90398
0.156252
0.273894
1.34453
0.0688255
1.83601
0.0999135
0.0851995
1.03137
3.50091
2.70392
2.28483
0.219872
0.423485
0.567965
1.89337
0.664639
0.660146
0.796795
2.15242
3.70366
4.71998
0.174098
0.726447
1.28446
1.82574
0.549667
3.89044
0.743669
0.713716
0.87603
0.0139813
0.428931
0.226909
2.79771
0.962706
0.118804
1.19135
2.03512
2.54723
0.0376487
6.16409
1.0338
0.725489
2.72666
0.216212
2.07085
9.51289
1.41912
2.60489
1.46728
0.109609
1.77745
0.619
1.29126
0.434488
1.89605
0.298147
3.60577
0.532728
0.306596
2.58549
0.58061
0.744063
1.07877
0.533278
1.16302
0.150287
0.271997
0.638922
0.276318
1.15466
0.00700412
0.366622
0.801423
2.03613
0.153219
0.845181
1.34329
0.926524
1.04044
0.0983212
1.87174
0.16467
1.38172
0.00203888
0.264586
0.265315
1.00632
0.00786294
1.00595
1.30684
1.4915
1.83674
0.0457907
0.286752
0.0191054
0.057729
1.49688
0.144876
1.44389
0.524327
0.0374514
1.63425
4.51686
0.531315
0.374534
0.430296
0.132438
1.53455
0.235405
0.298044
1.19222
0.370692
1.95808
0.0518997
0.0304542
0.136966
0.34908
0.516242
0.320924
2.11378
0.0354527
0.534892
0.906407
0.54999
0.115753
0.0959585
1.66977
0.503144
0.0344087
0.635879
0.228027
2.33028
0.239459
5.81806
0.0268289
2.50441
0.63623
0.386004
0.157082
0.177405
0.152168
0.538084
3.29482
2.15571
0.492092
0.111409
2.50883
0.760099
1.2202
0.0707462
2.9084
3.13138
0.283969
2.00238
1.75422
1.14668
0.86229
0.199293
1.9808
0.389744
1.56162
2.88398
0.343454
0.746268
0.286049
0.162459
0.221181
3.90063
0.00835716
2.06762
0.145943
0.3256
1.45692
1.4022
0.760803
0.272654
2.1784
0.0697974
0.0845474
0.858185
5.07373
1.63413
0.902042
1.29233
0.343479
1.75145
0.955075
3.00326
2.99564
0.842482
0.262234
1.94646
0.399833
0.0543023
0.387399
0.0712169
0.379154
0.961257
1.61718
0.752514
2.00618
0.551494
1.14279
1.60956
0.00461357
0.448867
0.262123
0.543573
1.1425
0.249281
0.334553
2.82707
0.298421
0.498434
0.0621955
0.646175
0.427533
2.19128
0.557798
0.739767
0.325963
0.193842
0.897134
0.186197
0.414631
0.829242
1.4317
1.37691
0.989414
0.284735
0.789093
0.371298
2.16414
1.3117
1.71537
0.61053
1.3371
0.4975
0.733178
0.295824
3.47698
1.06553
0.295896
1.96181
2.02559
2.25538
0.0659294
0.412404
1.69481
1.1122
0.318383
1.95411
0.906924
2.73341
0.884622
2.20862
1.27299
0.184988
0.626126
4.54152
2.15207
0.351131
1.18716
0.541744
1.67545
0.388459
0.165065
0.467722
0.99946
1.23882
0.865236
0.0563162
0.426999
0.0360842
1.0641
3.00141
0.525368
0.487476
0.827618
1.84257
0.95989
0.0118091
0.367328
1.48076
0.00210038
0.306482
0.73168
0.161446
1.27036
1.41837
2.23685
0.121319
0.190862
0.319046
3.47082
0.58381
0.857276
0.725452
1.00874
1.87801
0.36302
0.71771
0.51542
0.0218359
0.0187207
1.2426
2.70089
0.651317
0.740539
0.630018
2.20574
0.499493
2.01904
0.394683
2.02006
0.878251
0.783151
1.67062
0.0874707
1.07489
0.180947
2.30422
0.0482291
0.431288
3.31953
0.0979554
0.316864
0.334844
0.569791
0.25802
0.290146
1.44748
1.04457
0.84034
1.24153
1.34213
0.758665
0.558182
0.244704
0.212999
0.374043
1.11683
1.72447
1.98849
0.0843128
3.04208
1.23576
1.05145
0.124346
0.192696
1.24985
4.96977
0.328072
1.317
1.47776
0.733824
0.625474
0.13678
0.862966
3.87703
2.19967
0.133735
1.98697
0.881641
0.191785
0.0893734
2.66438
0.721244
0.390235
0.470878
1.64694
0.382881
0.515947
0.381442
2.36432
2.50228
0.770065
1.0312
0.00155281
0.0811108
0.523821
0.0030619
0.482281
1.62349
0.672402
0.419721
2.68669
0.421812
0.00679293
1.52241
3.18119
2.28544
0.278244
0.24243
0.270633
0.00326559
1.58598
1.62459
0.157144
0.0657061
1.73517
1.36911
0.571484
0.37206
1.27962
0.29841
0.295393
0.841626
0.0289689
2.25837
0.376179
0.407532
0.625771
1.59015
0.16348
1.46361
1.92818
0.0594639
0.321807
1.04423
0.818782
1.04136
0.875746
0.0280267
0.70336
2.15324
0.869215
0.166913
1.13656
0.342611
0.638103
3.38613
0.303244
0.492908
0.659122
1.05466
2.44419
0.24787
1.56808
1.10531
0.0440483
0.289683
2.89733
1.40995
0.636831
1.10353
0.195426
0.700028
0.130456
0.867851
0.762091
0.434208
1.63106
0.716194
3.2741
1.84523
1.16641
2.6299
0.600467
0.562178
0.861149
0.0889424
0.364597
2.7045
0.803837
0.047591
0.13617
0.972595
0.307219
0.986306
1.61727
