26.5931
8.48218
9.81188
10.0941
30.0378
4.82742
8.72539
7.74501
0.93508
4.29715
15.1525
9.01712
6.35924
9.06957
1.68569
2.47128
0.46505
12.5043
15.1506
24.238
1.81784
10.018
2.06802
20.197
15.98
24.9686
0.546922
7.49383
0.361659
38.9024
6.12214
1.03399
0.0335854
4.34341
2.82308
17.3881
7.07936
20.0629
11.2636
32.6254
5.90786
13.5402
5.2704
51.2895
6.09199
8.7746
0.170122
7.0484
2.08469
10.0817
4.31172
11.8592
0.322691
11.6863
6.71101
1.96329
44.797
6.19708
1.36195
64.7938
2.29648
8.6068
13.9698
24.0734
6.04627
12.1123
4.38641
32.8727
1.80862
12.1964
2.94817
4.62904
15.1517
3.55953
9.13747
0.815241
16.727
10.8927
1.1419
11.1473
2.73219
1.26609
12.6393
3.76257
2.71909
4.24473
3.51013
3.58024
32.1253
5.75593
2.60847
24.5307
1.22142
5.46865
14.1809
13.3793
0.342581
0.25841
13.727
14.0746
2.77775
2.87577
5.53368
16.2869
12.115
11.6693
9.34278
0.466046
3.72792
2.16026
4.44756
0.425918
16.6418
11.0457
28.7669
5.37441
10.6447
1.16526
10.6686
28.3533
5.84769
8.18838
0.633763
1.21849
0.646792
10.6021
3.72241
16.7535
0.253394
7.53414
57.7172
10.6847
2.88559
16.106
7.16074
35.8383
3.35303
29.8263
8.34659
4.90077
4.73772
1.4971
21.319
6.9241
3.59756
3.45481
10.9858
6.45314
14.6317
1.8585
6.89343
6.38119
1.15674
23.4222
9.4173
0.680182
1.85793
12.2448
2.77294
1.24933
21.7583
1.79035
0.544326
5.03399
10.0331
6.61235
0.00453887
9.85507
15.386
19.1628
16.1777
6.4675
5.33278
11.915
8.99925
3.17055
9.6479
6.41507
1.48595
13.6256
3.77281
0.435142
10.7941
0.490715
18.0956
2.89239
4.45363
8.6084
21.8533
2.28915
15.2094
8.15991
26.9097
2.66905
1.11207
20.9765
0.275179
2.07501
5.38686
20.2199
21.5262
4.78096
3.34017
6.70554
6.54113
42.6717
4.19448
24.2797
4.44124
2.54368
13.5115
28.4707
31.4234
2.78367
15.5379
2.56638
3.51458
8.257
13.4173
14.2285
0.687443
8.36427
3.11649
3.15589
10.9455
18.3135
8.52868
0.106193
7.63121
5.46138
11.6144
17.0545
3.79294
2.55436
10.8371
8.55667
0.318003
0.614829
2.46405
8.02716
9.52713
10.6907
11.0787
3.84377
7.80066
0.827448
12.3644
48.5288
16.416
38.9638
8.21616
9.68672
3.33343
4.64972
10.2169
12.253
3.43579
0.0991311
15.4399
2.91847
1.54542
10.2024
30.8868
2.72356
0.715844
0.681705
8.22142
6.93881
11.0292
13.1956
3.25059
2.17343
2.02399
8.35935
11.562
1.78525
21.6393
3.98117
11.9917
10.0134
4.02217
21.656
7.98857
6.77512
0.776432
8.56305
8.77392
7.70304
6.98109
0.977603
3.55714
15.331
27.2312
3.43715
10.2107
38.0629
4.67005
0.815541
3.24517
9.50732
15.957
1.20905
0.147834
10.1532
0.268853
18.3987
5.22044
3.56426
1.85032
0.781728
16.5239
24.9227
11.7227
7.26404
4.69913
11.0989
6.87625
33.812
5.94394
3.06941
2.13484
22.2297
0.174803
2.72496
19.9221
9.89985
16.9308
3.65883
27.1054
3.89343
2.63518
5.86998
5.35662
1.86362
10.319
2.01236
8.94695
5.74092
0.24066
10.4795
7.2513
0.179922
11.762
21.4086
3.13015
0.661759
2.4402
2.00742
16.1512
10.396
1.19976
1.87339
2.99568
11.5407
25.7251
22.1352
13.6628
3.73377
33.4115
1.00616
14.2604
43.4487
31.9123
20.5729
0.690117
14.3292
10.651
14.5218
1.81479
4.56761
9.06814
2.0359
23.438
1.74805
6.8429
13.5583
3.18386
23.562
0.343202
0.338709
13.3188
3.52355
1.75986
1.67609
8.68582
11.7765
5.67352
0.0758966
0.797449
2.54314
0.387473
14.7377
1.92517
2.78366
14.9099
23.4013
2.6321
6.2678
19.8904
4.48537
11.7542
20.7644
17.1344
9.76519
1.66256
4.18149
8.06289
6.43971
25.5706
24.7432
7.01973
4.13676
30.9779
2.04155
10.3204
0.366443
13.2125
20.0492
8.67903
22.986
8.76549
10.3442
2.94191
7.64417
8.43622
6.36099
1.677
21.3564
26.1661
2.76485
16.6151
1.57417
37.7284
10.9015
0.778802
3.02158
24.3509
21.5242
37.9196
39.1886
1.63462
7.28382
5.78545
0.856073
27.6028
8.15492
2.45232
1.49068
9.04164
1.96793
4.87072
5.09474
1.74169
7.30628
10.1543
13.6222
19.5121
12.0978
0.923543
11.3768
3.74159
0.120925
0.150685
4.42373
4.10351
28.5371
5.34267
5.84807
24.6262
18.8713
10.3122
0.91105
7.3994
10.8681
1.41217
6.21751
8.88622
8.9915
37.4633
3.32703
11.0295
24.9463
33.2225
13.774
12.1165
6.37969
15.0957
8.1548
1.38158
14.3332
2.94343
5.65895
1.23066
1.74809
8.11215
4.2632
8.87627
12.5241
3.34666
3.52018
1.98215
0.146964
2.17729
5.10551
0.272843
4.58844
13.4603
9.81059
17.2817
24.2066
6.51476
24.7818
31.5978
15.697
3.85062
4.75513
4.13951
0.0932299
33.0753
14.0746
2.97823
27.1829
28.6144
20.4575
1.603
3.70013
39.0398
1.56252
2.73894
13.4453
0.688255
18.3601
0.999135
0.851995
10.3137
35.0091
27.0392
22.8483
2.19872
4.23485
5.67965
18.9337
6.64639
6.60146
7.96795
21.5242
37.0366
47.1998
1.74098
7.26447
12.8446
18.2574
5.49667
38.9044
7.43669
7.13716
8.7603
0.139813
4.28931
2.26909
27.9771
9.62706
1.18804
11.9135
20.3512
25.4723
0.376487
61.6409
10.338
7.25489
27.2666
2.16212
20.7085
95.1289
14.1912
26.0489
14.6728
1.09609
17.7745
6.19
12.9126
4.34488
18.9605
2.98147
36.0577
5.32728
3.06596
25.8549
5.8061
7.44063
10.7877
5.33278
11.6302
1.50287
2.71997
6.38922
2.76318
11.5466
0.0700412
3.66622
8.01423
20.3613
1.53219
8.45181
13.4329
9.26524
10.4044
0.983212
18.7174
1.6467
13.8172
0.0203888
2.64586
2.65315
10.0632
0.0786294
10.0595
13.0684
14.915
18.3674
0.457907
2.86752
0.191054
0.57729
14.9688
1.44876
14.4389
5.24327
0.374514
16.3425
45.1686
5.31315
3.74534
4.30296
1.32438
15.3455
2.35405
2.98044
11.9222
3.70692
19.5808
0.518997
0.304542
1.36966
3.4908
5.16242
3.20924
21.1378
0.354527
5.34892
9.06407
5.4999
1.15753
0.959585
16.6977
5.03144
0.344087
6.35879
2.28027
23.3028
2.39459
58.1806
0.268289
25.0441
6.3623
3.86004
1.57082
1.77405
1.52168
5.38084
32.9482
21.5571
4.92092
1.11409
25.0883
7.60099
12.202
0.707462
29.084
31.3138
2.83969
20.0238
17.5422
11.4668
8.6229
1.99293
19.808
3.89744
15.6162
28.8398
3.43454
7.46268
2.86049
1.62459
2.21181
39.0063
0.0835716
20.6762
1.45943
3.256
14.5692
14.022
7.60803
2.72654
21.784
0.697974
0.845474
8.58185
50.7373
16.3413
9.02042
12.9233
3.43479
17.5145
9.55075
30.0326
29.9564
8.42482
2.62234
19.4646
3.99833
0.543023
3.87399
0.712169
3.79154
9.61257
16.1718
7.52514
20.0618
5.51494
11.4279
16.0956
0.0461357
4.48867
2.62123
5.43573
11.425
2.49281
3.34553
28.2707
2.98421
4.98434
0.621955
6.46175
4.27533
21.9128
5.57798
7.39767
3.25963
1.93842
8.97134
1.86197
4.14631
8.29242
14.317
13.7691
9.89414
2.84735
7.89093
3.71298
21.6414
13.117
17.1537
6.1053
13.371
4.975
7.33178
2.95824
34.7698
10.6553
2.95896
19.6181
20.2559
22.5538
0.659294
4.12404
16.9481
11.122
3.18383
19.5411
9.06924
27.3341
8.84622
22.0862
12.7299
1.84988
6.26126
45.4152
21.5207
3.51131
11.8716
5.41744
16.7545
3.88459
1.65065
4.67722
9.9946
12.3882
8.65236
0.563162
4.26999
0.360842
10.641
30.0141
5.25368
4.87476
8.27618
18.4257
9.5989
0.118091
3.67328
14.8076
0.0210038
3.06482
7.3168
1.61446
12.7036
14.1837
22.3685
1.21319
1.90862
3.19046
34.7082
5.8381
8.57276
7.25452
10.0874
18.7801
3.6302
7.1771
5.1542
0.218359
0.187207
12.426
27.0089
6.51317
7.40539
6.30018
22.0574
4.99493
20.1904
3.94683
20.2006
8.78251
7.83151
16.7062
0.874707
10.7489
1.80947
23.0422
0.482291
4.31288
33.1953
0.979554
3.16864
3.34844
5.69791
2.5802
2.90146
14.4748
10.4457
8.4034
12.4153
13.4213
7.58665
5.58182
2.44704
2.12999
3.74043
11.1683
17.2447
19.8849
0.843128
30.4208
12.3576
10.5145
1.24346
1.92696
12.4985
49.6977
3.28072
13.17
14.7776
7.33824
6.25474
1.3678
8.62966
38.7703
21.9967
1.33735
19.8697
8.81641
1.91785
0.893734
26.6438
7.21244
3.90235
4.70878
16.4694
3.82881
5.15947
3.81442
23.6432
25.0228
7.70065
10.312
0.0155281
0.811108
5.23821
0.030619
4.82281
16.2349
6.72402
4.19721
26.8669
4.21812
0.0679293
15.2241
31.8119
22.8544
2.78244
2.4243
2.70633
0.0326559
15.8598
16.2459
1.57144
0.657061
17.3517
13.6911
5.71484
3.7206
12.7962
2.9841
2.95393
8.41626
0.289689
22.5837
3.76179
4.07532
6.25771
15.9015
1.6348
14.6361
19.2818
0.594639
3.21807
10.4423
8.18782
10.4136
8.75746
0.280267
7.0336
21.5324
8.69215
1.66913
11.3656
3.42611
6.38103
33.8613
3.03244
4.92908
6.59122
10.5466
24.4419
2.4787
15.6808
11.0531
0.440483
2.89683
28.9733
14.0995
6.36831
11.0353
1.95426
7.00028
1.30456
8.67851
7.62091
4.34208
16.3106
7.16194
32.741
18.4523
11.6641
26.299
6.00467
5.62178
8.61149
0.889424
3.64597
27.045
8.03837
0.47591
1.3617
9.72595
3.07219
9.86306
16.1727
